EOBAsls. 321

W

meditamen 001.

100101 841 011101, 11101 3010111οἱ.

1001001 1111 mereor, paro 0111111 00111 0101011010 1011111411 100-
00105251 mortem 1112.

0101311545. 011. pl. von mergus, 1110131,0101311011 001 0111 011-
1111011 30111011 1000001001011 10110101.

0111011 fit 001111 198, 01 11000011 010, 1110. mihist (1111011) 1100-
,111 (31. 4, 242.) 0110111110 011111 110οΙ. 8, 601.

*erere 01111 0261 1001 181. 101111 11001. 6, 11 010 2, 101.

1111100689 11111101,30011001110 011101.

10001111 982 1111010.

010101 01110010 808, 1110011001 oder 011 1. notus (1. 808), 131.

01110010 11110101 11000. 8, 96.

0100000 expletur 865, 010 10111013001,011010111 11110000.

101101 quartum 629, 1111 111 0111

01111, zu 0113113 001 101101, 00011111110111, 010 31000 1030111100

· 419. 0091189. 1142181998. 10011 1101000110. 005. 632. 609.

000111011011 112; 0010 nectaream ,

000010011111016. 10011 Prudentius 101. 810110. 2, 091 11310001- ·
000110 0001000. ’

00000100 918, im 1110100301113 010 31100, 1110110111, 1011000001.

011010010100415; 011000 4118.

0131010110110 8121 011000 818. ’

palma 00011 181. 310110 11110100 280.

palpamen 816 1011111013. Prudentius 11110111. 802.

0110111 10111100 112. 1111 1111310100 0130110031011011111, 11101111
noch 113001 011 10110111 010 11111101 10110010. 1111011011 01110.
01101110. 131. 11001100 0281.

1111001889. 1108 1013010010 111 01001 110110010301.

011110 101101 10110101 310101111οΙ mit dem 101101301100000 001011,
11010 1110 01010111111111101, 1011110101 1010 00110100 11111.

01111001 196, 30111101, 101101100οη 1001 111. 1111110101.

1101101111180, 101 1111110οι 11010.

persono 11110101 110. vocem 281, 1111111111 11110 0110111101.

perustus 101111 11101110 1011 111010 perustus Eugenii 01111, ln
111100011110 18.

peto 415 1111 010, 110 1100 100 bete.

 

